  1.3179581e-001  5.7036485e-001  2.7989902e-001  5.8492738e-001
 -3.6458557e-002  2.6102560e-001 -4.1250843e-001 -7.2792486e-001
  3.9524674e-001  1.1647675e-001  3.6007794e-001  1.7999335e-001
 -9.6522822e-001  7.8452182e-001  7.7501375e-001  3.9728542e-001
  4.3197179e-001  6.8372300e-002  8.2172051e-001  3.0082076e-001
  1.4901880e-001  3.7206487e-001  7.9581075e-001  1.8994805e-002
  1.2948077e-001  9.0789564e-001 -9.6184674e-001  3.1968934e-001
  9.8895865e-001  4.6318736e-001  4.6443125e-001 -3.2748511e-001
 -6.2492684e-001 -3.2630977e-001  6.2275003e-001  3.0454235e-001
 -2.4082276e-001 -3.8010775e-001 -5.5905305e-001 -5.3436124e-001
  2.7229659e-001 -5.8958466e-001 -6.9649786e-001  2.8943160e-002
 -7.5132254e-001  1.5558696e-001  9.1320879e-001  2.4303097e-001
  4.8706351e-001  6.1692321e-001  6.0240161e-001  3.8990915e-001
  5.6839618e-001  2.5844180e-001 -5.6784179e-001 -4.9890172e-001
 -9.8202661e-001 -1.4555065e-001  4.9880911e-001  3.3411344e-001
  6.1703531e-001 -2.8324949e-001 -8.3417077e-001  2.8665191e-001
  8.9946958e-001  8.3370531e-001 -8.3263006e-001 -7.1485846e-002
 -7.5977952e-002 -6.9469445e-001 -2.6431943e-001 -5.0968121e-001
  4.6271913e-001 -3.5230244e-001  8.8920595e-001  4.2359914e-001
 -3.9693627e-001 -5.9805152e-001 -6.5402495e-001 -5.9863785e-001
 -8.9626042e-001  6.8855565e-001  6.3523412e-001  5.1707910e-001
  7.6115032e-001 -7.0144500e-002 -4.7941729e-001 -2.6297127e-001
  2.2770008e-001  9.1984721e-001 -9.8765408e-001  4.5097206e-001
 -9.9758423e-001 -9.7546557e-001  3.1106849e-001  4.9098979e-001
  9.2757357e-001 -7.4266983e-001 -7.9232973e-001 -3.6961003e-001
  2.8817900e-001  8.2821384e-001  2.5992024e-001  6.8940277e-001
 -2.4077199e-002 -6.1632216e-001  6.3940800e-001 -6.8381862e-001
 -6.4605983e-001 -1.2491665e-001  3.6750910e-001  7.5347876e-001 
 -2.2449205e-001 -3.4571145e-001 -3.9633210e-001 -4.3981975e-001
  2.1962711e-001  5.1456281e-001  4.1608527e-001  4.6444247e-001
  3.0316005e-001 -6.1563790e-001  3.2119105e-001  7.8578111e-002
  7.0675378e-001  4.3743450e-001  8.3875687e-001 -3.0069014e-001
 -4.1231375e-002 -5.6539657e-001  8.0085297e-001 -5.5760518e-001
  9.5359681e-002  2.6104323e-001 -3.5354985e-001 -3.5043213e-001
 -9.7904306e-001  1.0192697e-001 -3.3400129e-001 -1.3902703e-001
  9.7634158e-001 -7.8584090e-001  5.2103684e-001 -4.3388146e-001
 -9.2936713e-001  2.9559914e-001  7.9687872e-001 -1.6402060e-001
 -6.1510251e-001  8.6127694e-001  3.5261073e-001  4.0456503e-001
 -1.2056827e-001  2.1920121e-002 -3.9164127e-001 -3.6979532e-001
 -5.1616196e-001 -8.2421700e-002 -9.3083066e-001  6.0857459e-001
  3.2450270e-001 -6.7130725e-001 -6.6458683e-001  8.9482889e-002
  3.8107924e-002  3.7573128e-001  9.3734752e-001 -1.1960692e-001
  4.4062846e-001 -2.3481410e-001 -1.3722006e-001  7.6532739e-001
 -7.9393440e-001  1.4046222e-001  5.8217955e-001 -7.2634021e-002
 -6.0207675e-001 -5.5747138e-001 -1.1267485e-001  2.1628338e-002
  8.9465936e-001  6.1930517e-002  4.3725235e-001 -4.7524261e-001
  8.9943231e-001 -6.3399973e-001 -6.7906225e-001 -7.2606505e-001
  2.9413188e-001 -3.1195722e-001  2.6852382e-001  6.9290440e-001
 -9.2771682e-001  9.6724469e-001 -8.6177753e-001  1.0620711e-001
 -7.5707057e-001 -1.7867200e-001  1.1139796e-002  1.0000000e+000
 -4.1490936e-001  3.6571482e-001  6.8309947e-001 -5.0447850e-001
  3.6123644e-001 -7.5876307e-001 -9.9643198e-001  4.8220753e-001
  2.8760539e-001  1.0546027e-002  2.5331503e-001  6.3289675e-001
 -6.2813336e-001  5.0951663e-001 -8.7153188e-001  6.1200076e-001
 -1.6858478e-001 -4.5251659e-001  8.6015539e-001 -5.1923716e-001
  5.6448349e-001 -6.2809546e-001  6.6653628e-001 -4.6122021e-001
 -7.7925753e-001  8.8825617e-001  6.4300492e-001  2.6640074e-001
 -1.7459544e-001  6.3685815e-001  5.2983576e-001 -1.6103827e-001
  5.5207510e-001 -3.2595743e-001  3.9515065e-001  1.7843253e-001
 -1.2376822e-001  7.4897583e-001  5.9938931e-001 -1.7178342e-001
 -2.2539858e-001  4.7566688e-001  7.9885783e-001 -3.2956708e-001
 -9.0444726e-001 -7.1954450e-001  3.9662201e-002  2.1546992e-001
 -8.2621207e-001 -5.6771981e-001 -5.3390548e-001 -1.8804276e-001
 -8.2894793e-001 -4.6271355e-001 -9.9082993e-001  2.9657529e-001
 -6.5271748e-001  9.7745911e-001 -2.3941004e-001  1.4516072e-001
  2.2898593e-001  8.7946711e-001  1.0015879e-001  5.7018799e-001
  3.1431652e-001  3.6822341e-002 -1.1999344e-001  5.7883355e-001
 -7.2387099e-001  7.5703231e-001  2.1246594e-001  8.8435728e-001
  4.2078245e-001 -5.6839309e-001 -8.1338721e-001  4.8893677e-002
  9.5115569e-001  8.4494677e-001 -1.2803300e-001 -4.6084902e-002
 -6.9883847e-001  8.0243111e-001  9.4089186e-001  7.7939479e-001
 -8.1819977e-001 -7.5772699e-001 -5.2045102e-001  1.0300245e-001
 -5.4806061e-001  3.0659041e-001  3.2367612e-001 -1.5171775e-001
 -8.2681205e-001  1.8437536e-003 -6.8302098e-001  5.1481092e-001
  4.1421711e-001  8.0659321e-001 -3.6947682e-001  4.6943432e-001
  9.4308073e-001  5.9679782e-001 -8.7127646e-001  1.8016581e-001
 -2.1302504e-001 -6.9054051e-001 -5.0383422e-001 -8.6289339e-001
 -1.1633201e-001 -8.5510466e-001 -1.2606332e-001 -7.6761189e-003
  6.2868509e-001 -7.0284757e-001  4.0230877e-001 -4.0173208e-001
  9.0811605e-001  3.9570243e-001  8.1796271e-001 -5.0358748e-001
  6.7186492e-001  4.9515096e-001 -8.6768066e-001  2.0495530e-002
 -4.2499883e-001 -2.4082018e-001 -2.8523674e-001  2.1506269e-001
  6.4834467e-001  8.8843145e-002 -4.6099024e-001 -4.9978428e-001
  9.8901914e-001 -3.8051543e-001  8.0045917e-001 -2.1307712e-001
  4.6926750e-001 -2.1185323e-001 -7.4961850e-001  6.9413127e-001
 -5.9306483e-001  8.9617363e-001  4.8577241e-001  1.1731887e-001
  4.3178277e-001  2.3175851e-001  9.3867709e-001  5.4367242e-002
 -6.6164462e-001  6.3634754e-001 -8.7658494e-001  9.1533883e-001
 -4.3355274e-001  1.1765399e-001  2.4754999e-001 -1.8740697e-001
 -6.1206671e-001 -4.3210468e-001  1.4166499e-001  2.9279380e-001
 -8.3419922e-001  6.2154929e-001 -8.9744583e-001  8.9484493e-001
 -5.0825513e-001 -6.9382939e-001  6.8582653e-001 -2.7608648e-001
 -6.0170692e-001  7.5206369e-001  4.7253615e-001  5.1772370e-001
 -4.4107411e-001 -4.5603014e-001  6.1220911e-001 -4.8624419e-001
  9.0973039e-001  9.6118990e-001  1.2333110e-001 -3.9518632e-001
 -2.6622370e-001  2.6242721e-001  8.0821059e-001 -7.3803318e-001
 -5.5642197e-001 -5.9303300e-001  1.1260375e-001 -3.9376436e-002
  5.7256390e-001  6.7236206e-002  2.7254398e-001  3.9853272e-002
 -1.9497890e-001  5.8787901e-001 -8.2221128e-002  8.4073381e-002
 -4.2702834e-001  2.9648498e-001 -5.7525654e-001 -6.0680928e-001
 -1.5843733e-001  5.0487882e-001  9.9500380e-001 -8.7055760e-002
  2.9146986e-001 -9.0619165e-001 -4.8316106e-001  5.0516067e-001
 -6.6274680e-001 -5.3874346e-001 -5.5058497e-001 -1.4413601e-001
  7.4666960e-001 -9.2460332e-001  8.6720806e-001  8.8203276e-002
  4.2756821e-001 -7.9572067e-001 -3.4274083e-001  2.6720837e-001
 -6.8369109e-001 -2.2377324e-001  7.5757490e-001  7.5386356e-001
 -8.2920560e-001 -9.5007541e-001 -3.4583319e-001  6.7277546e-001
 -7.6534052e-001 -4.2723235e-001 -9.9191620e-002  3.9442805e-001
  9.9364982e-001  7.9686283e-001  5.5124599e-003  2.1100618e-001
  2.2644165e-001  1.9983549e-001  8.0688715e-002  1.8093506e-001
 -4.6824413e-001 -8.8860843e-001  2.2132768e-002  4.3563499e-001
 -5.0196038e-001  3.9796892e-001 -8.6790339e-001  2.3842615e-002
  4.9832082e-001 -7.2564273e-001  2.0093780e-001  1.2857016e-001
 -3.1379943e-001  2.7735103e-001  2.3117265e-001 -6.0037175e-001
  4.4264845e-001  3.9819821e-001 -2.3153459e-001  1.4743898e-001
  5.3802928e-001  5.9368694e-001  8.9855251e-002  6.0605808e-001
  9.8873003e-001  2.9367861e-001 -1.7377505e-001 -5.2235546e-001
 -3.6611675e-001  8.9505284e-001 -9.8358053e-001 -8.8303302e-002
 -5.3995197e-002  7.5712576e-001  2.7228436e-001  2.1158260e-001
 -5.8976539e-001  4.7817925e-001  4.6984219e-001  1.9507184e-001
  5.6900256e-001 -2.0124148e-001  5.8244519e-001  1.9590370e-001
 -2.3799535e-001 -2.4415933e-001 -7.6075953e-002  9.8988398e-002
 -5.3286892e-001 -3.6237019e-001 -4.5689979e-001 -2.5478787e-002
 -1.1809539e-001 -5.8850627e-001 -5.4211844e-001 -8.7252074e-001
 -9.3999447e-001  5.1165561e-001  7.6824915e-001  3.0602360e-001
  6.5963818e-001  9.0531494e-001  3.0375542e-001 -1.8737676e-001
  7.5551532e-001 -1.5713237e-001 -9.4927134e-001  2.3244166e-001
  8.9252062e-001  7.5640300e-001 -2.3290943e-001  1.4316730e-002
 -2.0649343e-001 -7.5266524e-001  7.6065233e-001 -5.1333360e-001
 -2.8545146e-001  4.8192306e-001 -2.2971037e-001 -2.5978459e-001
  7.5680797e-001 -4.3904389e-001  7.1134333e-001 -6.0223203e-001
  9.9947817e-001 -2.5669094e-001  6.9382901e-001  2.3636101e-002
 -6.6639492e-001  9.6956341e-001 -1.6260431e-001  2.4087452e-001
  8.2691380e-001  4.4735872e-001 -1.7992217e-002 -2.7253556e-001
  9.7282122e-001  9.7311805e-001  8.4437325e-001 -4.3353966e-001
  5.8157056e-001  2.2748361e-001  8.1618852e-001 -3.6102936e-001
  6.3901639e-001 -5.4218439e-001 -1.6073601e-001 -4.2575440e-001
  1.2408168e-001 -5.3675247e-001  3.6495467e-001 -1.7655049e-001
  3.3526318e-001 -2.8041583e-001 -6.6987733e-001  6.7274175e-001
  2.1802743e-001 -8.2549516e-001 -1.0000000e+000  6.4023698e-001
  6.6432324e-001 -6.6222529e-001  1.7696629e-001 -3.8912518e-001
  8.1036896e-001  5.4824004e-001  5.9949330e-001 -3.4210710e-001
  6.2711895e-001 -9.2265437e-002  6.8880490e-001  1.4410205e-001
  7.4391460e-001 -1.2887880e-001 -7.9865027e-001  1.6752529e-001
  9.1931098e-001 -9.6815734e-001 -7.9552706e-002  2.0641906e-001
 -2.2902716e-001 -2.0585300e-001  4.0127579e-001 -2.8892178e-002
  2.1887251e-001  3.9115978e-001 -1.8493531e-001  2.3256017e-001
 -5.8777832e-001  5.6854230e-001 -6.3213411e-001  4.9840623e-001
  1.6145816e-001  3.7317468e-001  3.6158594e-001  2.6373214e-002
 -6.3641150e-001  7.9172446e-001 -4.7280953e-002  7.6971101e-001
  3.9305306e-001 -1.8877870e-001  7.4457775e-001  7.4448699e-001
  4.5570243e-001 -2.6725479e-002 -4.2477989e-001  3.2243706e-001
  1.2626620e-001  8.2711910e-001  2.0154520e-001  5.1285376e-001
 -8.6935735e-001  1.4275209e-001 -1.5810469e-001  1.4467081e-001
 -8.9635480e-001  4.3714925e-001  5.6507843e-001 -4.6238319e-002
 -5.7203989e-002  2.8519548e-001  1.0571209e-001 -4.4080911e-001
 -4.3989462e-001  1.8130767e-001 -9.6320069e-001 -2.4250385e-001
  6.9353403e-001  4.8479470e-001 -3.3650282e-001 -2.5941108e-001
  3.1387026e-001  5.6256353e-001  5.0575385e-001  5.4251392e-001
  9.3195309e-001 -5.6825359e-001  3.5626251e-001 -7.0390892e-001
  4.4032559e-001  9.2286245e-001 -9.2983475e-002  3.3546663e-001
 -3.6413358e-001 -5.5235287e-001 -9.0052929e-001 -4.7639045e-001
  9.5059585e-001  1.5097263e-001  5.9977267e-001 -7.6952120e-001
  9.2770110e-002  1.0241350e-001  5.9484517e-001 -2.3007994e-001
  7.4787159e-002  3.0278495e-001  4.7873427e-001 -4.0703218e-001
  6.4318763e-001  4.7115082e-001  5.6188326e-001 -3.5666269e-001
 -1.4481914e-001 -2.8558426e-001 -8.3725842e-001  2.5696127e-002
  9.9002679e-001 -6.5418607e-002  6.4809136e-001 -5.4953393e-002
 -6.8614369e-001  9.7706689e-001  8.8545653e-002  3.1894512e-001
  1.8475101e-001 -1.4837706e-001 -2.7048894e-001  7.2712496e-001
  1.3347687e-001  4.1288025e-001  2.6169751e-001  1.5792303e-001
 -4.3344610e-001 -5.4220497e-001 -2.7214204e-001 -4.7365110e-001
  7.8574612e-001 -8.4220559e-001 -8.3839401e-001 -9.3227696e-002
  3.6760422e-002 -9.5892367e-001 -9.0048232e-001  5.3995075e-001
 -3.0388020e-001  9.9118457e-001  3.1352354e-001 -5.6542315e-001
 -4.6715978e-001 -8.8361479e-002  8.7296169e-001  4.1907533e-001
 -7.4702223e-001  3.0668300e-001  8.5606323e-001  1.2178710e-001
  1.2979456e-001  5.6552418e-001 -1.8787138e-001  5.7139472e-001
  9.5299812e-001 -2.8037430e-002  5.6360512e-001 -2.9198795e-001
 -8.8066958e-001  6.7250813e-001  5.9163610e-002  8.7482922e-001
  5.0853773e-001 -3.1393958e-001  9.1293324e-001  4.5929861e-001
 -3.9748030e-001 -1.5623755e-002  4.5874119e-001 -8.5259216e-002
 -8.9099214e-001 -5.3418141e-001  8.4333390e-001 -3.7622570e-002
 -3.0001380e-002 -3.3872022e-001  5.6631742e-001 -2.7766250e-001
  9.6457965e-001 -2.7034831e-001  1.3884036e-001  1.7282764e-001
  2.0326497e-001  5.5189360e-002 -7.4671354e-001  3.8541581e-001
  6.3887724e-001  9.0454189e-001  7.1894178e-002 -2.5446902e-002
 -1.6428943e-001 -6.4020121e-001  3.4908085e-003 -5.6278874e-001
  6.9838777e-001 -6.8468618e-001 -6.0838170e-001 -6.2868841e-001
 -7.2156331e-001  5.8488509e-002 -5.6461476e-001  2.6023419e-001
  1.1206708e-001  9.1061682e-001  2.3698399e-001  2.1791372e-001
  9.2293489e-001 -5.4543773e-001  5.2420322e-001 -8.9410159e-001
  7.4993988e-001  6.2321382e-001 -7.7437872e-001  1.2515897e-001
 -4.2704971e-001 -9.7921787e-002  3.8459860e-001  2.4002926e-001
 -2.7257976e-001  4.2753382e-001 -8.8053591e-001 -3.2717102e-001
 -4.6775433e-002  9.0154887e-003  4.5026612e-001 -1.6559958e-001
 -3.0362437e-001  3.1898607e-001 -4.9771574e-001 -8.9829118e-001
 -2.4280510e-001  8.1765322e-001 -9.3626011e-001 -1.5375428e-002
 -3.8930487e-001 -6.1152371e-002  2.3583260e-001  2.1478942e-001
 -8.6634821e-001  5.5145003e-001  3.8054796e-002  7.3866320e-001
 -1.2229799e-001 -6.1986779e-001 -9.7608092e-001 -5.3877922e-001
  1.1824370e-001 -4.0115761e-001  6.9604386e-001  2.2705408e-002
  6.1134065e-001 -4.6062102e-001 -2.5561813e-001 -3.0770996e-001
  2.5865110e-002 -4.7560939e-002 -4.6758909e-001  1.8382764e-002
 -6.1630177e-001  9.8042164e-001  5.9145800e-001 -1.5514151e-001
 -1.6437092e-001 -8.8008221e-001 -1.7119000e-002  5.0711126e-002
 -5.1985827e-002 -7.9325144e-001  5.4534607e-001 -3.9698313e-001
 -3.1624026e-001 -3.6291551e-001 -5.4386353e-002 -1.2808395e-001
 -9.5351902e-002  5.1625016e-001 -9.0446765e-001  2.5296387e-002
 -8.4915560e-001  3.0584678e-001  8.6097718e-002  1.4135917e-001
  5.9507536e-001 -1.8519575e-001 -8.6844721e-001  5.0307929e-001
 -5.7766323e-001 -7.4541666e-001 -2.8408577e-001  9.4259686e-002
 -6.8964957e-001  7.2811131e-001 -6.5328224e-001  7.5468023e-001
 -2.7429540e-001 -8.1819372e-001 -7.2892264e-001 -2.3856047e-001
  1.1567731e-001  4.5038738e-001 -5.7859321e-002  2.9598090e-001
 -3.8652903e-001 -8.4572510e-001  3.3438421e-001 -2.9433644e-004
 -6.6898184e-002 -4.5185401e-001 -5.2716400e-001 -6.3014701e-001
  4.1958331e-002  9.3952501e-001 -6.1153338e-001 -2.1785758e-001
 -8.9826699e-001  7.0979708e-001  3.7827213e-001  6.4470455e-001
 -7.7798147e-001  8.3457680e-001  1.6665127e-001  7.1551757e-001
 -6.3078327e-001  9.7898187e-001  5.5452814e-001 -1.3289331e-001
  2.2320250e-001  3.0426086e-001 -2.2852059e-001  3.7662120e-002
  9.7244214e-001 -4.3773393e-001 -9.9080880e-001 -2.6458068e-001
  7.2180330e-001 -9.8699406e-002 -7.8440390e-001  1.5493168e-001
 -3.9502429e-001 -8.5253392e-001 -8.1482299e-001  1.1561257e-001
 -6.2903768e-001  9.7573882e-002  5.2268567e-001  1.1900869e-002
  8.2603151e-001 -5.8654575e-001  5.8696064e-001 -1.0000000e+000
 -4.7981348e-001  5.6442153e-002 -2.7773168e-002  1.5695059e-001
  3.4052068e-001  7.1429058e-001 -3.1284789e-001  7.6748710e-001
 -4.4800497e-001 -7.6305858e-002  4.8271409e-001  1.4215575e-001
 -7.3508945e-001 -6.2095723e-001 -7.7091379e-001  1.1932550e-001
 -8.4127905e-001 -8.2157939e-001 -2.7145394e-001  4.4845321e-001
 -1.3239318e-001 -1.7654982e-001  6.7181888e-001 -3.8170842e-002
 -3.6265948e-001 -5.5288022e-001  9.3148648e-001 -5.1061010e-001
 -5.2006231e-001  8.2357621e-001 -1.7208059e-001  3.8802441e-001
  8.4335803e-001 -8.9089907e-001  6.6098293e-002  6.3611451e-002
 -6.3779576e-001  6.7163450e-003 -9.3649850e-001  6.3872424e-001
  3.9829922e-003  4.9540840e-001 -9.8942113e-001  1.8002271e-001
  1.9719634e-001 -2.5623498e-001  4.1674527e-001  5.9963286e-001
 -1.0975305e-001  1.3796510e-001 -6.5004283e-001 -5.8881944e-001
 -4.7133371e-001 -3.7514884e-001  3.2034021e-001  4.0385369e-002
 -3.3978249e-001 -4.1529306e-001  4.7585399e-001 -5.2257626e-001
 -5.6693837e-001 -8.6559211e-001 -5.4624047e-001  2.8807646e-001
 -5.4581038e-001 -3.0879002e-001 -3.6518669e-001  2.6768075e-001
 -2.4816802e-001  9.7514569e-001 -4.2311307e-001 -7.9585190e-001
  5.5774754e-001 -7.2634102e-001 -1.8331820e-001 -5.8612271e-002
  3.8063921e-002  2.7470814e-001 -8.2178197e-001 -2.8093098e-001
 -7.2522596e-001 -1.9896511e-002 -2.7937313e-001  6.1421744e-001
  2.6288710e-001  1.5848559e-001  6.4543422e-001 -3.2087384e-002
  5.3059751e-001  2.1363189e-001 -7.1419056e-001 -2.3320801e-001
 -9.6160731e-002 -4.3044545e-001 -7.1349136e-001 -4.2024659e-001
  2.8479863e-001 -6.0717836e-001  5.8549073e-001 -1.8700254e-001
  7.2872338e-001 -1.2791958e-001  6.3651622e-001 -6.9703350e-002
 -6.6756047e-001 -1.4859598e-001  7.1852120e-001  7.3395863e-001
  2.3647655e-001  4.6698431e-001  3.3424261e-001  4.2671500e-001
  1.4291456e-001  4.0469261e-002  6.4154771e-001  1.1676811e-001
 -6.8260033e-001 -6.2748538e-001  5.5114935e-001 -1.8782358e-001
  5.7302502e-001 -1.0653101e-001 -5.0625930e-001  1.9092859e-001
 -2.2403601e-001 -4.4340619e-001 -3.9225781e-002 -4.2914985e-001
  7.1003452e-001  8.4108333e-001  8.1628318e-002  2.8111189e-002
  7.6374344e-001  9.2697357e-001 -3.4208322e-001 -5.4588204e-001
  1.0369665e-001  6.0232584e-001 -3.0438221e-001  4.7366276e-001
  3.9687608e-001  6.5564150e-001  2.1562817e-001  8.9020845e-001
  9.9889341e-001 -5.3244341e-001  8.2601334e-001 -5.2900731e-001
 -4.2881327e-001  1.5643121e-001 -7.0865059e-001 -3.7097038e-001
  4.1937016e-001  3.9356865e-002  2.7037229e-001  4.4785251e-001
 -2.1227935e-001  6.4516180e-001  7.5270644e-001 -1.1514204e-002
  3.9948511e-001  4.0411868e-001  7.8614480e-002  3.5585907e-001
  4.5475083e-001  1.6584421e-001  5.1328964e-001 -1.9658257e-001
 -9.6212302e-001 -4.3672605e-002 -3.9256928e-002  5.3656561e-001
  1.7814703e-001 -2.5468273e-001  1.0097925e-001  7.9128594e-001
 -1.2198759e-001  7.5391106e-001 -3.4900387e-001 -6.4343668e-002
  1.6699632e-001 -6.2832829e-001 -9.0210165e-001  6.7857144e-002
 -4.2392950e-001 -1.2725225e-001  5.5109649e-001  7.0702159e-002
  5.8176172e-001 -1.5194444e-001  4.3282532e-001  3.3129840e-001
 -8.3318265e-001  6.5937160e-001  5.7966594e-001  5.4803656e-001
  1.9894338e-001  3.1396885e-001  6.9328761e-001 -1.0955673e-001
 -7.7597051e-002 -2.8082195e-001  9.4354303e-001  1.4079201e-001
 -5.8405221e-002 -1.9053937e-001 -4.7299466e-001 -4.3050883e-002
  7.6172917e-001 -3.3348476e-001 -9.6440707e-001 -6.0548330e-002
  5.1440889e-001 -1.0475455e-001 -8.0596974e-001  6.2749162e-001
 -9.0104017e-001  1.2328845e-001 -2.3312717e-001  7.5757758e-002
  2.7649670e-001  1.3466810e-001 -9.6237924e-001  3.4242602e-001
  5.7929186e-001  8.3118278e-001  4.9977706e-001  1.3800799e-002
 -8.3561498e-001  3.5636651e-001 -2.2888062e-001  1.0429412e-001
  8.9316081e-001 -5.1474813e-001  1.1321745e-003 -5.4301295e-001
  5.6822175e-001  9.2481385e-001  8.0854659e-001 -5.8225790e-002
 -5.4960632e-001  1.7113443e-001 -1.0355638e-001 -7.5602367e-003
 -2.5030941e-001  7.9530151e-001 -3.5899558e-001 -2.1296594e-001
  7.1984660e-001 -5.4298017e-001 -8.5818729e-001 -5.3949910e-001
  5.0550214e-001 -1.4276762e-001  8.4491178e-001  6.4238431e-001
 -3.1627850e-001  8.5657614e-001  5.6891473e-001 -4.5488128e-001
  6.0571082e-001  2.3263842e-001 -5.7625432e-001 -5.7298667e-001
  1.9189734e-001  7.2022950e-001  4.0849718e-001  6.7419389e-001
 -7.9884557e-001 -2.8535333e-001 -5.7253900e-001  5.3664919e-001
  4.7447471e-001  1.0549458e-001  3.9138448e-001  5.0705571e-002
 -9.7845727e-001  9.8811494e-002 -9.7192061e-001  1.0105758e-001
  8.6838241e-001  4.9719590e-001  6.6359024e-001 -3.9977250e-001
 -5.4513973e-001  2.1443000e-001  6.3473176e-001 -3.6064746e-001
  2.9923114e-001  8.7914244e-003  6.7028025e-001  4.2584569e-001
  2.6970373e-001 -7.8444118e-001  5.0874507e-001  2.3789712e-001
  2.4733477e-001  5.9082886e-003  5.9816474e-001  3.2571764e-001
 -6.6266442e-001  2.0358563e-001 -2.1687298e-001  6.1577777e-002
  9.5215946e-001  7.0505593e-001  7.6886044e-001  1.0513268e-001
  3.7886819e-001 -9.9161655e-001  7.0761132e-001  7.2588379e-001
 -4.5377974e-001  5.7564836e-001  1.6723389e-001  4.0470981e-001
 -6.2178411e-001  3.8863180e-001 -3.8716281e-001 -1.7715395e-002
  2.8203288e-002  5.5608729e-001  1.2829237e-001  3.9275460e-001
  8.2231772e-001 -4.6856748e-001  4.2268576e-001 -7.0716167e-001
  6.3037873e-001 -7.9995140e-002 -1.9785422e-001  2.8009612e-001
  3.5907401e-001  6.6079672e-001 -6.2531075e-001  7.5615573e-001
  7.0247434e-001 -1.1985362e-001  9.1200975e-002  2.9353032e-001
  5.0674730e-001 -8.7811174e-001  8.4931553e-001  4.8824586e-001
  3.2116901e-001  5.2775549e-001  1.2594218e-001  7.6893799e-001
 -3.4220096e-001  8.7845482e-001  9.3184485e-001 -1.2827600e-001
 -5.3969864e-002 -9.7462512e-001 -5.3476652e-001  2.8486531e-002
 -8.9386795e-001 -9.0189905e-001 -3.5875091e-001  4.7527248e-001
 -5.0523596e-001 -8.3831416e-001 -9.2144477e-001  3.8544855e-001
  4.8205428e-001 -1.8126576e-001 -8.5274788e-001  7.6417002e-001
 -8.3798283e-001 -1.3305643e-001 -6.9370580e-001  7.7129565e-001
  1.1765721e-001 -6.5838099e-001  3.0091096e-001 -8.7817737e-002
  9.1442973e-001  1.3283889e-001 -3.3980929e-001 -6.5049326e-001
  8.8772039e-001  9.0765243e-001 -8.6070959e-001 -2.9065342e-001
 -2.6620007e-001 -2.8874389e-001  8.7761081e-001 -3.5401361e-002
 -6.8233082e-001 -7.4408598e-003 -3.7852002e-001  4.4401466e-001
 -8.2350004e-001  9.3016731e-001  7.5904261e-001  2.3208153e-001
  6.2369876e-001  9.6046678e-001 -3.6523241e-001 -4.2255936e-001
  3.6143123e-001 -5.6095901e-001  5.7297216e-001 -2.2228751e-001
 -9.3491547e-002  7.5739649e-001 -8.6692825e-001  1.9609107e-001
  1.4718194e-001 -5.5244510e-001 -2.1055797e-001 -8.3385096e-002
  8.1901995e-001 -5.0371064e-002  5.1936104e-001 -2.8313012e-001
  8.0827710e-001  7.3551219e-001 -2.5221682e-001  7.9869932e-003
 -7.5636835e-001  8.1269713e-001 -1.3375762e-001  7.4853322e-001
 -8.2085274e-001  3.1343744e-001 -6.7703465e-001  9.4930628e-003
 -4.5265828e-001  7.6421146e-001  9.4619602e-001  4.1452431e-001
  3.7180838e-002  4.3665271e-001 -1.9806383e-001 -1.8516561e-002
 -3.0066840e-001 -5.2213853e-001 -4.8957543e-001 -9.1496563e-001
  2.3652279e-001  9.5656143e-001  6.8282792e-001  8.5632096e-002
  7.4772292e-001 -4.7142502e-001  9.8731891e-001 -4.5189197e-001
 -9.8201412e-001 -8.7037036e-001 -1.6312610e-001  3.9632624e-001
  9.2835460e-001 -2.6820060e-001 -5.6996208e-002  1.2425118e-001
  6.8838852e-001 -3.4778608e-001  7.8151991e-001 -1.6023514e-001
 -8.1893430e-001 -3.6200774e-001  6.5821634e-001  2.9309581e-001
  7.7335509e-001 -4.9487385e-001  1.0805769e-001 -5.1315675e-001
  1.6506839e-002 -8.9605025e-001  4.6961185e-001  1.2440191e-001
  8.4089749e-001 -9.4337005e-001  6.0341655e-001 -2.1024718e-001
 -6.0927325e-001 -5.2776659e-001 -3.5013488e-001 -1.4727516e-001
  4.3793149e-001  4.5978555e-001  7.8158223e-001  3.0280992e-001
  3.4837836e-001  4.5721577e-001  7.6701013e-001  3.8361538e-001
  3.5980274e-001  6.3487412e-001  1.3113987e-002  9.6274306e-001
 -9.2992058e-001  3.3849373e-001 -6.0253025e-001 -2.1556991e-001
  6.1875197e-001  8.7337352e-001  2.1741229e-001  6.4625368e-002
 -3.3794917e-001  1.7912874e-001 -2.1557976e-001 -5.6622354e-001
 -9.1416687e-001  6.4126064e-001  5.7808082e-001  3.9463891e-001
 -8.4686909e-001  2.8199946e-001 -5.2583909e-002  1.0940390e-001
  2.2825375e-001  7.8401326e-001 -8.8964408e-002  8.0233329e-001
 -2.0315842e-001  5.2166661e-001 -8.6952545e-001 -7.9065814e-002
  9.2314945e-001  5.7757125e-001 -3.7562531e-001 -1.3822631e-001
  9.6759730e-001 -2.2493748e-001 -9.6269728e-001  2.7140888e-001
 -3.4090628e-001  4.4592090e-001 -1.6297149e-001 -2.4127611e-001
 -8.2767309e-001 -3.3953735e-001  3.0909984e-001  5.3159432e-001
  5.2590314e-001  4.8438403e-001 -5.8868332e-001  8.6930763e-002
 -1.9823331e-001 -6.3552895e-001 -6.7470275e-001 -7.5934040e-001
 -1.0000000e+000 -4.8620890e-001  3.9101829e-001 -2.9301484e-001
  6.7071931e-001 -7.5536370e-001  9.6399430e-001 -1.7374595e-001
 -4.1141402e-001 -1.8541602e-001  2.9610334e-001  3.2546170e-001
 -1.6263226e-001  1.9991933e-001  2.7937426e-001 -6.5191002e-001
 -7.0723452e-001  7.2175539e-001  6.7966364e-001  6.9993774e-001
 -6.8607621e-001 -8.7222771e-001  5.1203742e-001  4.7566527e-001
  2.1135611e-001  4.8480769e-001 -3.2950009e-001  3.5952123e-001
  1.3082076e-001  1.0099796e-001  5.8183934e-001 -1.5919794e-001
 -6.4684624e-001 -5.9189170e-002 -2.1582868e-001  7.0717987e-001
  4.0827208e-001 -3.7421698e-002  8.4823575e-001  6.6242066e-001
 -5.7080987e-001 -5.8318378e-001  7.0121575e-001 -2.5094622e-001
 -5.1587323e-001  3.3218886e-001 -1.9603508e-001 -1.6273640e-001
 -2.3040734e-001  2.2251120e-001 -1.8719528e-001 -6.9840835e-001
  6.4774886e-001  9.6217559e-001 -7.0871411e-001 -3.5018003e-001
  6.5160457e-001 -8.4189476e-001 -8.9345535e-001  1.3443536e-001
 -1.9271457e-001  2.2472584e-001  5.1427588e-002 -5.9682950e-001
 -5.6564016e-002  5.4503073e-001 -8.2455509e-001  1.3352618e-001
 -7.5011170e-002 -4.4042445e-001  6.7208123e-001 -5.5227467e-001
 -7.6728355e-001 -9.7953519e-001 -6.9589171e-001  8.3290310e-001
  4.6397940e-001 -7.6470795e-001 -2.7618759e-001  1.8124130e-001
  5.7892687e-002 -8.9165513e-001 -4.5913687e-001  1.1668972e-001
  4.6403450e-001  4.9793353e-001 -3.4990881e-001  2.7500767e-001
 -4.7070538e-001  8.6769823e-001  1.8444182e-001  1.9531002e-001
 -4.4707291e-001 -9.2564210e-001 -3.2256836e-001  2.3725742e-001
  2.8171701e-001 -7.2863030e-001 -5.9966710e-001  1.5283302e-001
  7.2582065e-001 -6.3983025e-001 -2.9754132e-003 -4.9986288e-001
 -3.5705726e-002  7.2658111e-001 -3.3126705e-001  1.4780348e-001
 -6.3936730e-001 -2.6935386e-001  7.2000854e-001  5.8228601e-001
  4.9434528e-001  1.1202104e-001  2.3708391e-001  1.2012839e-001
  8.3820578e-002  6.5971349e-001  9.4654217e-001  6.5111833e-001
 -1.1622817e-001  1.8970441e-001 -2.5002482e-001 -6.4611451e-001
 -8.3174823e-001 -8.9619630e-001  6.3105519e-001  4.9468850e-001
  1.7975990e-001  5.1534344e-001 -7.3685755e-001  5.1676703e-001
  3.5260074e-001  4.6621053e-001 -6.9044891e-001  4.2526419e-001
  5.3785951e-001  2.3047118e-001  5.1558921e-001 -4.6432298e-001
  6.4770924e-001 -9.2575710e-001  2.2832441e-001  3.0021631e-001
  1.3619081e-003 -2.5140457e-001  5.7599262e-001  9.7639933e-003
 -3.7114532e-001 -2.4529477e-001  6.1618303e-001 -7.0912693e-002
  4.7852237e-001  1.7441035e-001 -6.3425417e-001 -1.4774571e-001
 -8.1033040e-001 -5.5863069e-001 -6.6014901e-001 -2.3622483e-002
 -5.9027540e-001  2.6701417e-001 -5.1488065e-001 -3.1837245e-001
  8.5325502e-001 -5.6641900e-001 -1.3187393e-001 -6.7152932e-001
  3.9794973e-002 -8.6209123e-001  7.5702770e-001  1.9166030e-001
 -5.0778994e-001  3.3323907e-001  5.1267170e-001 -4.1303502e-001
 -1.6390654e-001  8.0076142e-001 -2.2886274e-001 -7.7635355e-002
 -1.9695631e-001  9.9266383e-001  4.4273813e-001 -7.5040379e-001
 -5.6958660e-001  3.4098510e-001 -3.1784190e-001 -1.4211557e-001
  2.7192877e-001  8.6642374e-001 -7.6190670e-001  5.5238070e-001
 -4.5057825e-001  1.0373805e-001 -4.2032233e-001 -3.8237473e-001
  3.9474489e-001  3.8267921e-001 -3.9692995e-001  6.4302350e-004
 -3.9055984e-001 -3.3416919e-002  6.5110513e-001 -8.9467703e-002
  5.5618771e-001 -6.5699679e-001 -2.1579977e-003 -1.1762027e-001
  6.3793320e-001 -2.5024538e-001  7.5896597e-002  3.5640717e-001
 -2.0029082e-001  5.6495035e-001  3.1720512e-002  6.4113140e-002
  2.3822394e-001 -5.2746460e-001 -6.4047036e-001 -1.5906655e-002
 -5.5883778e-001  5.4609089e-001  3.4789679e-001  4.5910924e-001
 -4.9673381e-001 -8.4891885e-001  9.3119506e-002  3.9878660e-001
  2.1166306e-001 -4.6760645e-001 -6.6903574e-001  8.6496854e-002
  7.7810970e-002 -7.5144017e-001 -8.7889555e-001  1.2403669e-001
  1.3643390e-001 -2.3441314e-001 -7.1886485e-001  6.1773909e-001
 -5.5688150e-001  6.4217995e-001  9.3553675e-001  7.2482932e-001
 -6.1384230e-001 -4.7869346e-001  1.0560079e-001  1.9409618e-001
  3.3480474e-002 -8.2752968e-001  1.9865454e-001  2.3197575e-001
 -4.9951861e-001 -9.2718435e-001  4.7628134e-004  5.8199577e-001
  2.0083167e-001 -2.3316393e-001 -3.3677913e-001  6.3084493e-001
 -8.6517482e-001  4.0639351e-001  9.4540482e-001  2.8200903e-001
  2.6309388e-001  6.9988019e-001  3.4734296e-001  8.3277491e-001
 -7.3167636e-001  6.2475514e-001 -7.7914950e-001  8.9271273e-001
 -9.8107053e-002 -9.4522296e-001  4.3138222e-001  1.7783186e-002
 -4.5239904e-001  2.7621905e-001  7.9219710e-001 -4.2142066e-001
 -5.0877249e-001  8.7213329e-001  9.7187925e-001  2.7945214e-001
  7.0496184e-001  2.2978756e-002  6.6613818e-001 -3.1906631e-001
  1.7927689e-001 -6.6049027e-001  5.3263997e-001 -2.0998101e-001
  1.0590469e-001  2.6897284e-001 -6.9930048e-001 -2.1910803e-001
 -5.9478781e-001  3.8402206e-001 -8.9303627e-001  2.0287240e-001
  6.8754262e-001  9.5476231e-001  7.3207450e-002 -2.6592785e-001
  2.1099398e-001  5.9398248e-001  5.1468903e-001  5.2905624e-001
  5.6097833e-001 -1.7419033e-001 -7.6639888e-001  5.2979118e-001
 -6.6790589e-001  5.3323261e-001 -3.0229692e-001  5.5388588e-001
 -7.9771340e-001 -2.6041550e-001  4.8254396e-001  5.8468167e-001
  6.7512640e-002  9.2682523e-001  1.3317426e-001  1.1605624e-001
  6.5755294e-001  7.6087102e-002 -5.6448528e-001 -3.9396415e-001
  7.1839846e-002 -2.9564504e-001  1.5214616e-001  4.6208412e-001
  4.9243960e-001  5.2110713e-001 -2.6968927e-001  3.6996070e-001
 -7.1511487e-001  9.6527639e-001  7.5546398e-001  1.7310573e-001
 -7.1189080e-001 -2.3818412e-001 -7.5133666e-001  8.2890616e-001
  8.5821335e-001  9.5848129e-001 -8.4107180e-001 -4.6131592e-001
  3.0212066e-001 -8.3940418e-001  9.0024618e-001  6.7388509e-001
  7.7952986e-001 -1.9998362e-001  1.9223564e-001  1.6455086e-001
  5.0357743e-002 -6.5177680e-001 -1.7725610e-001 -2.3414438e-001
 -1.9012162e-001 -3.4882841e-002  9.8866517e-001  4.3316825e-003
  6.5340143e-001 -8.4079906e-001  6.9406828e-001 -1.1016202e-001
 -4.2375490e-001 -9.4942483e-001  3.2085302e-001  3.0752100e-001
 -6.6679110e-001  1.2396678e-001  6.5888686e-001  4.1582974e-002
 -7.0374678e-002 -1.6414269e-001 -4.4365747e-001 -2.5698732e-002
  2.1649880e-001 -5.3437072e-001 -7.5605720e-001  5.9439495e-002
 -9.6055129e-001 -8.7470615e-001 -3.7152126e-001  2.5335232e-001
  7.9372002e-001 -9.7486430e-001 -2.8202212e-001  1.3210141e-002
 -7.8658548e-001  5.6242084e-001 -6.4435678e-001  6.4474596e-001
 -1.0545399e-001  3.3400818e-001  8.8925424e-001 -5.3838248e-001
 -6.8103966e-001 -4.4393095e-001 -8.3945865e-002  3.3509587e-001
  6.8973129e-001 -1.8556413e-001  9.1751047e-001  2.7372915e-001
  1.9765103e-001 -3.4866484e-001  8.0798552e-001  4.4681122e-001
 -3.2362114e-001  7.9838234e-001  8.5155256e-001  1.2703188e-002
 -4.2769004e-001 -1.8277071e-001  3.2883195e-001  3.3854912e-001
  9.2620024e-003  2.9448542e-001  7.4667387e-001 -4.8050934e-001
 -3.8351941e-002  4.0863021e-001  4.3106933e-001 -4.0709516e-001
  7.1530980e-001 -8.1359958e-001 -2.0073735e-001 -1.5396990e-001
 -3.8923966e-001 -3.0059533e-001 -7.1803815e-001  6.0785535e-002
  9.6842066e-001  4.1070974e-001  1.2013714e-002 -2.5174164e-001
  6.3382220e-002 -8.2143479e-002 -2.9568026e-001  3.7338202e-001
 -1.4846169e-002  2.1324856e-001  1.5003299e-001 -3.5587482e-001
  4.5072097e-001 -5.8105016e-001  4.6237645e-001 -2.1697307e-001
 -6.3571218e-001  7.1071187e-002 -9.3474216e-002  4.1122647e-001
  7.7283350e-001 -1.9696479e-001  9.5961359e-001  1.7500419e-001
  3.6009207e-001 -3.7365314e-001  5.5218199e-001  1.9778913e-001
 -7.6345135e-001 -2.5417972e-001 -5.9020099e-001  6.4005715e-001
  3.2590242e-001 -9.1189233e-001 -3.6633444e-001  6.3946594e-001
  6.2160865e-001 -7.6597931e-001 -5.8099867e-001 -2.8626970e-001
  1.5575147e-001 -9.7104942e-001  7.2697261e-001  6.1589435e-001
  1.3671639e-001 -2.8013655e-001  5.7119767e-001  2.6054903e-001
 -4.8495690e-001  3.9636303e-001 -5.6359202e-001 -2.9188153e-001
  7.6033789e-001  4.5192029e-001 -4.1673399e-001 -5.4696915e-001
  4.9781582e-001 -4.8407281e-001  7.5498984e-001 -1.2898896e-001
 -5.0162016e-001  6.6917476e-001 -2.9288186e-001  4.5986455e-001
 -6.9817294e-001  1.8019750e-003  8.7049613e-001  6.3086433e-001
  8.6765916e-002 -6.2382525e-002  6.1472747e-001  2.3368674e-001
  6.6111436e-001 -6.5467183e-001  7.1639921e-001 -5.9754460e-001
 -5.4219812e-001 -6.9730224e-001  5.6708777e-002  8.2522319e-002
 -8.2068623e-001 -6.3654973e-002 -3.6319245e-001  5.8412780e-001
 -5.5081647e-001 -4.0266251e-001  6.7426377e-001 -6.7222230e-003
  9.8092533e-001  1.4821465e-001 -9.8426394e-001 -3.3654028e-001
 -9.1676307e-001  9.2403948e-001  5.1809241e-001 -5.8027644e-002
  9.5218991e-001  8.7364048e-001 -2.8754892e-001 -2.6029836e-001
 -1.9755429e-001  4.6808385e-001  1.8346578e-001 -2.3418909e-001
 -1.8696870e-001  6.0895677e-001 -2.1483578e-002  1.4246330e-001
  4.7777470e-001 -6.1005406e-001 -8.0650960e-001 -5.2981655e-002
 -5.1003193e-001 -1.1227943e-003 -9.0439092e-001  3.9315439e-001
 -5.1678461e-001  5.5609783e-001 -3.7789580e-002  5.2411008e-001
  2.4061038e-001  4.9964844e-001  8.9996596e-001  5.9774729e-001
  7.7044312e-001 -8.8829476e-001  5.8453043e-001 -3.0228099e-001
 -5.2632831e-001  4.1935694e-001  2.0434270e-001  1.2705945e-001
 -3.3396018e-001 -9.1331047e-001  7.2723918e-001 -1.3835136e-002
  1.8602484e-001 -6.1313123e-001  9.8424818e-001  8.0068889e-002
 -8.5731289e-001  3.5048984e-004 -7.5000413e-001  5.3949804e-001
  4.3685556e-001 -7.7439778e-001 -3.4476919e-001  1.8352503e-001
 -2.4622044e-001  5.3428350e-002  5.5434420e-001 -6.1066758e-001
  8.4030412e-001 -4.7347405e-001  1.6173712e-001 -5.0615117e-001
  2.5370125e-001  2.1740146e-001  1.1494325e-001  1.8016354e-001
  1.7735298e-002 -4.6848792e-002  5.1332620e-001  5.6026077e-002
  3.5999428e-001  3.8761698e-001 -4.0786545e-001  3.4789408e-002
 -8.4602037e-001 -1.5014329e-001 -4.1914667e-001  5.9324345e-001
 -8.7485918e-001 -6.0111525e-001  7.6132109e-001 -1.1376322e-001
 -6.9955756e-001  7.7568848e-001  8.9801541e-001  8.1683046e-001
  1.5593711e-001  4.5723720e-001  2.8624664e-002  4.1333694e-001
  5.6821050e-004  4.4628633e-001 -7.0311261e-001 -1.2380055e-001
 -6.8049044e-001  2.5002756e-001 -9.7285845e-001  1.6530167e-001
 -6.5400829e-001 -8.3749775e-001 -7.2533497e-001  5.5045689e-001
 -6.6305545e-001 -1.7270985e-001 -2.8065970e-001  7.7881245e-001
 -2.4914972e-001 -7.6969297e-001 -7.3752155e-001 -3.9080391e-001
 -3.9461040e-001 -7.1402949e-001  8.1103091e-001 -3.6093767e-001
 -1.3540597e-001 -7.4055144e-001  9.5288779e-001 -3.5216546e-001
  7.7285986e-001  7.7468775e-001 -5.8748277e-001 -1.5456171e-001
 -2.6026869e-001 -6.3031940e-001 -8.3973674e-001 -6.2347941e-001
 -8.5230248e-001 -4.2553019e-001  9.4672154e-001  3.1809388e-001
  3.5355687e-001 -6.8656965e-002 -5.9650717e-001  6.3273397e-001
  9.0822402e-001  6.2853750e-001 -2.9878648e-001  1.0383291e-002
 -2.4318110e-002 -3.5233841e-001  2.1440189e-001  3.8959329e-002
 -7.4080136e-001  5.6344229e-001  9.6729650e-002  8.7008675e-001
  5.6350547e-001  8.1153521e-002 -7.3230869e-001 -1.7624745e-002
 -3.0725650e-001  7.1229856e-001  2.5321049e-001  1.6492817e-001
 -2.5431427e-001  8.6664412e-001 -8.1738163e-001 -2.0212978e-001
 -6.4952407e-001 -3.0793961e-001  2.7773495e-001  6.3487523e-001
 -7.4199352e-001  8.2956645e-002 -3.4157040e-003  4.8619052e-001
 -9.1371251e-002  7.2464314e-001 -2.3432069e-001  1.3986098e-001
  8.1402030e-001 -8.1941506e-001  7.7178582e-002 -1.2433392e-001
 -2.3410148e-001 -8.6358738e-001 -4.0748195e-001 -3.2365788e-001
  8.9587499e-001  9.8764164e-001 -7.0904449e-001 -6.0744766e-001
  9.0691661e-001  2.7604068e-001  3.1016975e-001 -6.8962837e-001
  9.7490680e-001  5.6060298e-001 -9.6336399e-001  1.8761567e-001
 -6.4651826e-003 -3.1602316e-001  2.3710311e-001  1.7395273e-001
 -9.4514524e-001 -7.0925961e-003 -7.3211865e-001  3.7207270e-001
  7.0800238e-001 -2.0875829e-001  9.5010520e-001  2.4587752e-001
 -9.9946778e-001  6.6325265e-001 -7.9995641e-001  5.4446001e-001
  5.1267592e-001 -2.2834472e-001  7.0413440e-001  4.4697424e-001
 -4.7696759e-001  8.5149875e-001  3.1985816e-001  1.6002216e-001
  7.6482945e-001 -2.1757632e-001 -7.1798103e-001  5.8834728e-002
 -8.8451293e-002  2.0160000e-001  7.0386864e-001 -7.1437608e-001
 -3.0170729e-001 -3.7921099e-001  4.9325072e-001 -4.9031533e-001
  3.8860096e-001 -4.7565550e-001 -3.6930049e-001 -1.7743993e-003
  7.2574018e-001  7.7441311e-001 -7.6149659e-001  7.1426126e-002
  3.2503609e-001  3.9614391e-002 -3.8467054e-001  3.2622645e-001
  2.5019130e-001  2.0450557e-001 -2.1643949e-001  8.2343953e-002
 -6.7325995e-002  2.1544392e-001 -6.5919864e-001 -6.3938008e-001
 -8.2787447e-001  7.1646048e-001  5.1144721e-001  6.0334013e-001
  3.7066580e-001  1.1286369e-002 -7.2318252e-001  5.4681878e-001
 -6.6792041e-001  4.5330020e-001  9.1260241e-001  4.6079219e-001
  6.6934667e-001  8.2244775e-001  2.0394674e-001  1.1185413e-001
  7.5680830e-002  7.9905609e-001  8.0832452e-001  3.7136342e-001
  3.7521628e-001  8.1158988e-001 -8.7462993e-001  7.5467418e-001
  4.8237131e-001  4.1683374e-001 -8.7556106e-001  2.2425837e-001
  9.0795013e-002  9.5570548e-001 -2.5385908e-001 -5.5034660e-002
  1.4629472e-001  3.6539369e-001 -2.4261675e-001  3.8886198e-003
 -1.9562567e-001  4.2222117e-002  3.2504077e-001 -3.2874294e-001
 -3.0475429e-001  5.4044470e-001  1.9149038e-001  2.0712318e-002
 -6.2251478e-001  5.6083537e-001  1.6982636e-001  7.3703586e-001
  5.6456585e-001 -3.1694148e-001 -2.5146437e-001  2.1889266e-001
  3.0425610e-001 -7.5462550e-001  8.4918050e-002  4.8871278e-001
 -5.6656842e-002  1.2721268e-001 -7.4218760e-002 -2.9262824e-001
  2.5237291e-001 -5.6092118e-001  6.9008239e-001 -8.6544941e-002
 -9.9767170e-001 -3.1235634e-001 -3.5694559e-001  1.2566151e-001
  6.3187747e-001 -9.7719856e-001  9.5025414e-002  4.4457270e-001
  1.5596679e-001 -9.3054952e-001  8.9493398e-001  7.2385892e-001
  9.2142526e-001 -5.9726779e-001  8.6171663e-001 -6.5602413e-001
  9.1176247e-001  5.6971340e-001  2.9504382e-001  9.0488272e-003
  3.9720592e-001  2.8836437e-001 -8.9531360e-001  1.3157130e-001
  5.7006459e-001 -8.1500719e-001 -7.2703962e-001  1.3372532e-001
  3.4078998e-002 -5.7680077e-001  9.6845732e-001 -2.6666206e-001
  8.7145133e-001  5.7968274e-002 -3.1473289e-001 -4.4827150e-001
  3.8289107e-001  2.0634128e-001 -2.2368011e-001  5.5265340e-002
  4.5063714e-001 -9.7152125e-001  3.8023732e-001  6.7051455e-001
 -6.0967141e-001 -3.7229978e-001 -4.5674628e-002  4.6976175e-001
 -1.3441329e-001 -4.4122740e-001  5.6636301e-002 -3.5901568e-001
  9.8545375e-001  5.9628736e-001 -8.9203321e-001  2.6235451e-001
 -2.7194344e-001  2.2403417e-001  5.3941115e-001 -9.4552246e-001
 -3.4807561e-001 -6.6135814e-003 -6.1386327e-001 -1.7634378e-001
  7.6023186e-001 -1.7832724e-001  1.6390156e-001  2.0504225e-001
  6.9573465e-001  7.7792832e-002 -5.3241658e-001 -5.1215752e-001
  2.0529840e-001 -7.7313102e-001  2.8146227e-002  4.6831023e-001
 -8.7232684e-002  3.2958342e-002 -8.4055734e-001 -9.7022936e-002
 -5.9908748e-001 -7.1788892e-001  7.9464582e-001  9.5224667e-002
  8.5938612e-001 -2.0491137e-001  2.7459223e-001  9.2655806e-002
 -9.7041849e-001 -3.6961225e-001  5.9222772e-001 -8.8798747e-002
 -6.3593005e-001 -4.2696592e-001 -7.7769005e-001  2.7692315e-001
  9.8003742e-001 -3.2889705e-001 -7.8994659e-001 -1.0604732e-002
  5.8604731e-001  9.2301894e-001 -1.4858410e-001 -2.0737949e-002
 -5.8521857e-001  1.0066944e-001  3.4293729e-001  1.2679449e-001
  6.9244661e-001  7.6301036e-001 -6.2790996e-002  2.2526546e-001
  8.6926936e-001 -2.7916359e-001  3.4628693e-001 -9.0144127e-002
 -7.8880226e-001 -1.4245131e-001 -3.0695585e-001  7.7719516e-001
 -7.0003549e-001  5.0503923e-001  5.7925557e-001  3.0916954e-001
  8.5759067e-002 -1.8458729e-001 -5.3621838e-001  3.5702555e-001
  7.0377025e-001  7.3881253e-002 -3.3579196e-001 -4.1849732e-001
 -7.0298332e-002 -6.4019185e-001 -7.2483286e-001 -5.6062596e-001
  6.5868607e-003 -3.2739039e-001  4.4178744e-001 -1.2853389e-002
  9.9406783e-001 -1.6407680e-001  5.2570233e-001  1.9115381e-002
 -6.2512528e-001  1.4882416e-001  3.6925974e-002  2.2591992e-001
 -4.5222031e-001 -6.9710993e-001  2.9056372e-001 -2.3710989e-001
 -2.4928959e-001 -4.1565636e-001  8.2951340e-001 -4.4787296e-001
 -9.1489262e-001  8.2035419e-001  4.0688036e-001  3.7716098e-001
 -7.6816764e-001  5.3638491e-001 -4.7308320e-001  3.9774788e-001
 -1.7664931e-002 -8.7237315e-001 -8.1336909e-001  2.1288108e-001
 -3.8978678e-001  9.8896541e-001  1.3896273e-001 -3.1262741e-001
 -5.6284937e-001  2.6281797e-001  1.1816202e-001 -2.5131215e-002
 -9.3878640e-001  9.7331461e-001  2.1796677e-001  5.2057405e-002
 -9.7162549e-001  8.8942782e-001 -6.7445884e-001  8.5309808e-002
 -3.4755679e-001 -7.2546204e-001  9.9015931e-001 -3.0657730e-001
 -8.4715492e-003  4.4055496e-001 -3.0299681e-001 -2.1522986e-001
  5.6458046e-001  9.5168171e-001 -1.1850458e-001 -3.3202450e-002
 -3.3821463e-001 -7.9947094e-001  3.7226668e-001 -2.6070298e-001
  6.0107708e-001 -1.8718567e-001  3.5287869e-001  3.6266086e-001
  7.5397523e-001 -5.6105196e-001 -4.3761519e-001 -9.2143139e-001
 -3.6797712e-001  2.2244817e-001 -7.0340545e-001 -5.9454612e-001
  3.9199182e-001 -9.1400003e-001 -9.2388922e-001  8.6249184e-001
  8.4818757e-001 -8.5264543e-001  7.4092703e-001 -2.3744448e-001
  7.7947359e-001  8.4334904e-001 -2.9458467e-001 -2.5537718e-001
  1.9717720e-001  3.0756987e-001  8.4924030e-001  3.3902729e-002
 -7.6978024e-001  2.3260307e-001  1.0777747e-001  1.8924647e-001
 -7.2689944e-001  3.2664066e-001  4.9319655e-001 -6.0480347e-002
 -3.0393706e-001  9.0512850e-001  2.9605879e-002 -2.1482006e-001
 -8.5821527e-001 -4.8066149e-001 -7.2069930e-001  7.8696084e-002
 -1.2525309e-002 -3.1437929e-001 -7.7669462e-001  1.4080229e-001
 -8.7281291e-001  3.1376587e-001  7.5798592e-001 -7.4337346e-002
  4.5034737e-001 -8.6080716e-001  5.1798045e-001  3.2033317e-001
  4.8572204e-001 -3.3553585e-001 -4.7661589e-001  9.7882664e-002
 -1.5518926e-001 -1.1602291e-001 -5.0022462e-001 -1.8170844e-001
 -1.0824315e-001 -1.0679893e-001  7.2251159e-001  1.0903826e-002
  1.9354923e-001  3.9840549e-001 -9.8333672e-001  3.1282418e-001
 -4.1892421e-001 -6.0161951e-001 -4.0806608e-001 -6.7076505e-001
  3.2704262e-001  6.3821393e-001  1.4755000e-001  9.6777933e-001
 -7.8454837e-001  1.9537132e-001  8.9895930e-001  1.5649618e-001
 -7.8754260e-001  1.2758165e-001  1.3771414e-001  3.3674343e-001
 -5.2062845e-001 -1.5587679e-001  8.1251874e-002  6.9664218e-001
 -2.6264691e-001 -4.0018788e-001 -7.6727167e-002 -3.0453923e-001
 -7.9573558e-001 -7.4683789e-001 -4.1575683e-001  1.1096568e-001
 -6.5142704e-001  1.2801956e-001  8.7912760e-002  3.0705316e-001
 -4.9941610e-001  4.9977149e-001 -7.3933919e-001  2.2642007e-001
  7.8301908e-001 -1.0556880e-001  9.4435363e-001  1.3339159e-001
  4.7506637e-001  7.9573842e-001 -8.4657245e-001  6.2602898e-001
 -3.9481975e-002 -3.8609382e-001  8.4385321e-001 -1.5148097e-001
  2.0167409e-001  2.0322345e-001  3.5119208e-001 -1.0205154e-002
 -9.7479513e-001 -6.4995657e-001 -2.4626882e-001 -2.3902957e-001
 -5.6890994e-001 -9.0714934e-001 -4.1185502e-001  3.8254611e-001
 -2.5751194e-001 -9.5998689e-001  9.5979876e-001  1.5332993e-001
  3.9936314e-001 -4.4722454e-001 -1.2126465e-001  2.7572926e-001
  9.3835232e-002 -2.6009469e-001 -6.8833166e-001  4.5020798e-001
  8.9305884e-001  7.8745091e-001  8.7038856e-001 -3.8570186e-003
  9.0343324e-001 -6.6666605e-001 -7.1213699e-001 -6.4275456e-001
  3.4888538e-001  3.5190754e-001  8.2888737e-001  1.6154481e-001
  3.8443375e-002  5.7418349e-001  8.6852605e-001  3.8229065e-001
 -6.6056953e-001 -6.8437757e-001  7.4252353e-001  5.6228253e-002
 -9.4259603e-001  3.6752308e-001 -3.9808867e-001 -2.4006624e-001
 -9.3298719e-001 -3.1140709e-001  9.8217505e-001  5.1877432e-001
  7.7052096e-001  2.9731650e-001 -4.1576007e-001 -9.0139179e-001
 -5.3849684e-001  4.2066445e-001 -4.8038867e-001 -2.0103309e-001
 -9.0729341e-001 -2.7817299e-002  2.0924340e-002  6.2993765e-001
 -6.9877903e-001  1.5110553e-001 -2.4735446e-001  1.5455283e-001
 -2.8527556e-001 -6.5989670e-001  7.3500792e-001 -7.2751166e-001
  4.7268486e-001 -2.9939533e-001 -8.5620414e-001  5.9404817e-001
  6.5221059e-001 -1.2699946e-001  4.9765474e-001  7.9239044e-002
  3.2409511e-001  1.9099506e-001 -9.0393683e-001  2.2419036e-001
  4.2012436e-001  9.1294580e-001 -5.2459068e-001  8.4770518e-002
 -4.3661460e-001  4.4787303e-001  9.2989740e-001 -1.0968755e-002
  8.6343398e-002  4.9581350e-001  8.2861300e-001  2.6083687e-001
  4.2989644e-001  3.2777195e-001  2.4846363e-001  8.0685123e-002
  8.4726820e-001 -9.8455919e-001  9.6209461e-001  1.6083002e-001
  2.0542565e-001  8.8258908e-002  9.3906744e-001  3.5771449e-001
 -1.6575682e-001 -7.0175010e-001 -8.1548376e-001 -5.0594755e-001
 -8.9284493e-001 -1.5231772e-002 -9.4608174e-001  6.2502536e-001
  9.1037871e-001 -9.5126717e-001 -9.0331419e-001  1.9140971e-001
 -2.6780107e-001 -7.0152599e-001  3.4599608e-001 -6.0153037e-001
 -7.6740934e-001  8.4139111e-001  6.5440586e-001  4.2359587e-001
  3.3506799e-001 -8.8195855e-002 -3.4981207e-001  6.8027304e-001
 -6.0691329e-001 -3.8039452e-002 -6.4541093e-002  6.9649438e-001
 -4.8671674e-001 -7.5581949e-001 -8.0517861e-001  3.5797911e-002
 -2.9647703e-001 -5.1122320e-001 -6.9054740e-001 -6.7640164e-001
 -2.3996792e-001  8.7489049e-001  4.3279525e-001 -4.1584962e-001
 -2.6541377e-002  5.5033796e-001  1.3098539e-001  2.5439452e-001
  4.4626239e-001 -7.0850277e-003  5.0929985e-001  2.9835929e-001
  7.2976520e-001 -3.0840960e-001  7.6965510e-001 -1.2453259e-001
  2.8598930e-002  6.4433639e-001  1.0281991e-001  5.4547160e-001
  8.7105769e-001 -6.6598041e-001  8.8183212e-001 -6.0729420e-001
  4.1341777e-001 -6.0101391e-001 -8.3690977e-002  8.9410300e-002
 -4.4274443e-002 -7.9339192e-002  7.5199390e-001  1.2254203e-001
 -2.7432504e-001  9.2640656e-001 -3.0771807e-001 -5.1810160e-001
  2.6471833e-001  9.1034238e-001 -5.1061507e-001  1.4530742e-001
  2.5940812e-001  7.4037281e-001 -8.3560466e-001  8.9654243e-001
  7.9388434e-001 -3.9853519e-001  5.2904567e-001 -6.2995476e-001
  4.4051567e-001  6.6234700e-001 -2.9092436e-001  6.9179167e-001
 -3.3323794e-001 -4.7697048e-001 -4.9682404e-001 -7.8125035e-001
  6.8951282e-001 -1.4769542e-002  6.5394536e-001 -1.9471515e-001
  2.6745853e-002 -8.9529763e-001 -3.8847128e-001  1.2702898e-001
  5.7470174e-001 -2.2300661e-001 -4.4428421e-001  1.8323849e-001
 -1.8705353e-001  7.7501836e-001  5.1602388e-001 -2.4456009e-001
  7.2530913e-001  2.2613896e-001  8.7646154e-001 -6.0927096e-001
  3.7072091e-001  4.5763704e-001  4.3179552e-001  3.0709139e-001
 -1.6537731e-002  3.6441177e-001 -6.7406165e-001 -4.1350356e-001
  4.6544041e-001  1.3622346e-001  3.0311937e-001  6.9281632e-002
 -8.2536465e-001  6.4660879e-001 -3.1474162e-001  7.3030795e-001
 -7.2677810e-001 -1.2808666e-001 -4.1398089e-001  6.5749106e-001
  3.8466661e-001  7.9538247e-001  3.5600800e-001  6.5292791e-001
  4.3767113e-001 -3.7400793e-001 -1.4990563e-001  4.1256142e-001
  7.3158012e-001  4.4144309e-001  7.6239050e-001 -3.9698057e-001
 -3.5471778e-001 -5.4282043e-001 -1.0258079e-001 -5.0938527e-001
 -3.1971388e-003 -6.6710037e-001  4.8569415e-001 -5.5132810e-001
  3.3032285e-001 -6.7447510e-001 -9.8024823e-001  2.8090434e-001
 -8.2991055e-001  7.5514063e-002  8.3589637e-001  3.4339490e-001
  5.4152965e-001  4.8807816e-001 -9.4081790e-001  3.2501591e-001
  6.1712000e-001 -6.5313968e-001  5.5960388e-001 -6.5794205e-001
 -4.0106911e-002  4.7048977e-001 -6.5033761e-001 -1.9453685e-001
 -2.8608829e-001  3.0140045e-001  3.7900817e-001 -7.4279071e-001
  8.7808582e-001  6.3092886e-001 -6.2953275e-001 -3.7727195e-002
 -5.8545640e-001  8.8568871e-001 -5.2244114e-001  8.7388519e-002
 -8.0969023e-001 -7.8365917e-001 -6.3613808e-001  3.2306411e-001
  1.2417204e-001  4.7359926e-001  7.0650606e-002  4.0242485e-001
 -6.6862103e-001  2.2472638e-001 -3.0081674e-001 -3.2388581e-002
  4.7719265e-001 -3.6500368e-001 -6.6246569e-001  2.4076679e-001
  9.1066925e-001  5.7737034e-001  2.1868095e-001  8.2053064e-002
 -5.5413842e-001 -8.5464062e-001  1.0208541e-001  5.4654441e-001
 -4.3038976e-001 -3.5848754e-001 -5.2131331e-001 -2.2975867e-001
 -5.1462792e-001 -9.4949028e-001  6.8291522e-001  3.8167883e-001
 -3.5475687e-002 -5.7916663e-002 -6.4595258e-001  8.4606281e-002
 -5.9881565e-001  3.4787511e-001 -1.7171992e-001  6.0132263e-002
 -3.4993279e-001 -5.6929379e-001 -3.9171656e-001 -7.9406860e-001
 -7.0226099e-001  7.4788018e-001  2.6084748e-001  8.5950178e-001
 -7.8507274e-002 -2.7690026e-001  4.2854425e-003  1.8167412e-001
  3.1072222e-001  3.3038148e-001  2.2299264e-001  2.0240094e-001
 -8.5011991e-001  2.6611560e-001  9.2590766e-001  6.0784932e-002
 -3.0150783e-001 -7.3098433e-001 -2.1801904e-001 -4.5978608e-001
 -5.7785607e-001 -5.7815767e-001 -7.4557611e-001 -9.8730777e-002
  7.5262774e-001 -7.3559933e-001  6.3907780e-001 -6.5416885e-001
  1.0636991e-001  6.1118995e-001 -2.7793451e-001  5.2089449e-001
  7.6842637e-001 -8.5678630e-001 -4.9698449e-001 -3.7400234e-001
 -2.9136498e-001 -9.2666206e-001  5.8880471e-001 -2.1166494e-001
  9.7323480e-001  5.9288317e-001 -3.6474696e-001 -1.7407876e-002
  6.4295195e-001 -9.8897577e-001 -6.4358765e-001  2.2335195e-001
  7.2203308e-001 -8.9416683e-001 -5.2537112e-001 -1.8894013e-001
 -6.6442282e-001  4.1439266e-001  8.6292171e-001  3.1083524e-001
 -3.8796645e-001 -8.0384273e-002  2.7365566e-001  2.2506674e-001
  4.8462586e-001  3.9979818e-001 -1.0932815e-001  1.5745488e-001
  6.8986149e-001 -7.8650884e-001  4.9926950e-001 -4.0561001e-001
  9.7681460e-001  7.3731751e-001 -4.5831527e-001 -8.9920618e-002
 -6.9069525e-001  6.3285474e-001 -1.2481009e-002  9.6261481e-001
  7.4257704e-001  3.3016281e-001  3.1464184e-001 -6.1827952e-001
  5.4227048e-001  2.2943763e-001  6.6476235e-001 -4.2848933e-001
  4.0496034e-001  9.9879482e-001  6.2617882e-001 -1.0614833e-001
 -1.0142004e-002 -9.4827927e-001 -4.0909116e-002  4.2299563e-001
 -5.5321582e-001  5.6460128e-001  4.7100744e-001  3.5440700e-001
  4.1257574e-001  3.4259557e-001  3.1564808e-001  7.7231932e-002
 -7.6823843e-001  8.0559916e-001  6.7256691e-001  5.4052123e-001
 -4.5884561e-001  4.3934191e-001  1.4422748e-001  4.7791239e-002
 -8.1458058e-002 -8.5414686e-001 -8.8303890e-001  6.9763109e-002
 -8.0663559e-001 -1.6235492e-001  5.8693086e-001  5.9239496e-001
 -3.5429666e-001  8.1838892e-001 -5.6433218e-001 -1.8513332e-001
 -4.0996192e-002 -7.0540736e-001  8.7633453e-001 -3.3240034e-001
 -4.9097240e-001 -8.2011740e-001 -9.2754830e-001  2.9565629e-001
 -6.3312693e-001  1.5369068e-002  7.7005685e-001  4.3550344e-001
  2.6766250e-001 -1.1800477e-001 -5.9398263e-001  7.0822073e-001
  9.7564836e-001  6.6534016e-001  9.8890078e-001  3.0982584e-001
  6.6287430e-001 -9.3039854e-001 -2.8410657e-001  1.4363959e-001
  2.0019056e-001 -8.3535889e-001  1.0000000e+000  6.3230143e-001
 -5.9639408e-001  9.7661895e-001 -6.7884477e-001  2.3773632e-002
 -4.6925771e-001 -9.2904727e-001  3.6379616e-001  3.5205928e-001
  1.0510139e-001 -5.4666759e-001  4.6657506e-001 -3.3329449e-001
 -9.2656243e-001  8.3694222e-001  1.7283630e-001  4.9328418e-001
  9.4065337e-001  5.9894790e-001 -5.5965325e-001 -9.1875691e-002
 -5.8340172e-001 -8.0387160e-001 -4.3446764e-001  1.1320401e-001
 -6.3470455e-002 -4.0062574e-001 -6.9332106e-002 -1.5993059e-001
  4.1822116e-001  4.6761477e-001  2.8125427e-001  4.2495773e-001
 -1.9982108e-001  8.5322720e-001 -3.5379052e-001 -3.6874283e-001
 -4.8879632e-001  9.7078265e-001 -9.4128756e-001 -3.3351906e-002
 -4.7167313e-001 -6.0682037e-001 -1.1579382e-001 -2.6872260e-001
 -3.7383002e-001  2.8828684e-001  3.8381748e-001 -6.2791803e-001
  9.3453542e-001 -8.0307383e-001 -3.6024889e-001 -3.7012825e-001
  1.6688777e-001 -6.0133856e-001 -7.8106330e-001 -2.3610170e-002
 -6.5258258e-001 -3.2786812e-001 -4.5171121e-002  6.6300600e-001
 -9.0949007e-001  5.0089793e-001 -5.9779209e-001  2.5502773e-001
 -3.5583802e-001 -6.4049122e-001  3.7110112e-001 -6.2535952e-001
 -3.3199743e-001  2.9652149e-001  9.1217597e-001 -5.6557204e-001
 -7.3026951e-002 -6.3650051e-001  6.9503061e-001 -6.9841689e-001
  1.0517233e-001  2.4172524e-001 -8.5796035e-001 -1.0325278e-001
  7.2860911e-001  5.1176125e-001  1.4488950e-001 -1.4987839e-002
 -5.4768696e-001 -5.0945530e-001 -4.4250611e-001 -3.5520423e-001
  7.7999761e-002 -8.2437228e-001 -1.2459817e-002  3.6055431e-001
  4.5407822e-002  6.6970895e-001 -2.2008236e-001  4.7370104e-001
 -6.4164599e-001  7.3336728e-002  8.3685605e-001  3.3404722e-001
 -6.3058233e-001 -8.4555239e-001  3.2885121e-001  5.3628578e-001
  9.8860301e-001 -5.1178294e-002 -1.5803728e-001  1.5167191e-001
  7.3587862e-001  5.5435789e-001  8.9253384e-001  3.3117464e-002
  2.8753239e-001 -8.9128023e-001  6.2500475e-001  5.3171507e-001
  1.2211492e-001  1.0302766e-001  6.6448738e-001 -8.4216371e-002
 -7.9943767e-001 -1.5951984e-001 -9.6877089e-001  9.8109821e-001
  2.4463020e-001 -6.9965678e-001  2.4617454e-002  3.0933748e-001
 -5.2449526e-001  9.8978058e-001 -9.2852283e-001  9.4068987e-003
  8.7186664e-002  7.2236038e-001 -7.8129890e-002  6.4746736e-001
  7.5436522e-001  6.8352021e-001 -2.3717552e-001  1.0340233e-001
  6.7572769e-001  6.9507530e-001  2.5494549e-001  2.8384063e-001
 -8.0157831e-002  6.0010355e-001 -7.8571682e-002  2.2753342e-001
 -6.9382425e-001 -6.9030521e-002 -5.3919057e-001  5.6585016e-001
 -1.6318222e-001 -1.3538634e-002 -4.1229195e-001 -3.4080141e-001
  3.5765336e-001 -6.5607515e-001  7.6407690e-001  5.3428629e-002
 -3.1337811e-001 -7.3717512e-001 -5.6710144e-001 -6.0218778e-001
 -6.8443718e-001  6.9628147e-001  4.8251367e-002  9.7741821e-001
 -1.3049765e-001 -4.0172829e-002  8.0833357e-001 -5.4750684e-002
 -6.1121315e-001  8.4404646e-001  7.1274514e-001  3.6711339e-001
  7.2086462e-001 -7.5107582e-001  8.8535718e-001 -3.1924749e-001
 -4.4746279e-001  2.8488399e-001 -6.8842879e-001 -4.4176051e-001
  3.8726959e-001 -6.9289007e-001 -2.1830489e-001  1.5745591e-001
 -3.2796430e-001  9.8362163e-001  9.9764010e-001 -4.1361828e-001
  3.0726648e-001 -5.0408007e-001 -6.3633502e-001  4.5385109e-002
 -1.1601442e-001  7.0416731e-001 -1.4578262e-001  1.9331166e-001
  4.6812536e-001  5.6900718e-001 -4.7996509e-001  3.1007762e-001
  1.7434940e-002  7.9623090e-001 -3.4846413e-001  1.2634581e-001
  4.2051900e-001  6.8448720e-001 -7.9124488e-001  8.4233056e-001
 -6.7546384e-002 -6.1668766e-001 -8.2474142e-001 -5.0878349e-001
 -1.0676875e-001  8.8397092e-001 -6.6545371e-001 -3.0970872e-001
  8.5219765e-002 -5.9518077e-001 -8.9693580e-001 -1.2988655e-001
 -8.1217913e-001 -1.4625213e-002  7.5870738e-001  5.5594678e-001
 -9.7391263e-001 -8.0358578e-001 -3.4235775e-001  5.7622455e-002
  1.8524003e-001 -8.2083523e-001  3.1347987e-001  4.6216423e-001
  5.1118188e-001 -6.0956386e-001  1.0074995e-001 -6.4947075e-002
 -6.6587949e-001  1.1036160e-001  8.2178108e-001  2.4404506e-001
 -5.8828950e-001  5.8115724e-001 -1.6195889e-001  6.7178907e-001
  7.9250790e-001  4.1142917e-002 -1.3127592e-001 -2.3713395e-001
  9.1589076e-002 -3.1102078e-001  5.0316674e-001  1.6501094e-001
  6.1371643e-001 -4.6786812e-001 -1.2470447e-001 -2.2589091e-001
 -6.7087431e-002  8.9197223e-002  3.8286089e-001 -3.7568428e-001
 -9.1236395e-001 -8.0441830e-001 -4.8042727e-001  4.4100851e-002
  1.0466071e-001  1.5359898e-001 -8.4107156e-001 -3.0817006e-003
  2.5711535e-001 -6.8382178e-001 -4.2608257e-001 -5.7597547e-002
  1.7545497e-001 -6.3432499e-001  9.1641652e-001  4.9541127e-002
 -4.1681715e-001 -6.9031370e-001  7.0801764e-001 -4.7278778e-001
 -5.2492645e-001 -9.9969194e-001 -9.4765691e-001  7.0167688e-001
 -6.7710322e-002 -7.0159353e-001 -1.0240385e-001 -3.5508106e-001
 -1.9701940e-001  7.6792057e-001 -7.5618582e-001  2.4475945e-003
  8.4108708e-001  6.1355304e-002 -5.4362089e-001 -5.7835567e-001
 -9.4411650e-001  6.4905713e-001  6.1998888e-001  3.8802912e-001
  4.8053897e-001 -9.3535970e-001 -2.8840097e-001  5.7365047e-001
  3.1523934e-001  6.8534857e-001  7.4394050e-001  8.0230497e-001
  3.8401737e-001 -3.7109431e-001 -6.3720829e-001  3.4753366e-001
 -9.1607436e-001  5.0703844e-001  1.7567568e-001  4.9303501e-001
 -5.2757804e-001 -2.9383990e-001 -8.7063220e-001  5.0663878e-001
  7.6017711e-001 -9.8129542e-001  3.7241050e-001  5.1398168e-002
 -5.1777880e-001  8.6602612e-001  5.5834133e-001 -3.6961542e-002
  6.5719043e-001  9.3842665e-001  9.8559456e-001 -1.8238684e-001
 -2.0739242e-001  2.8418396e-001 -3.2874134e-001 -8.3663515e-001
 -2.4544922e-001 -2.0104242e-001 -5.4108860e-001 -1.4262299e-001
 -6.7653703e-001  6.2266260e-001  5.1917306e-001  5.9965541e-001
  6.1973500e-003 -5.8404203e-001  7.3321823e-001 -5.2288176e-001
 -7.1304708e-001  5.6712348e-001  4.9418776e-001  5.6238564e-001
 -3.0238672e-001 -7.6184600e-001  5.4963013e-003 -2.5461213e-001
 -9.9837430e-001 -4.5387646e-001  1.5447567e-001 -4.0836663e-002
 -4.9283415e-001  1.5304480e-001 -4.1590980e-001 -3.9727521e-001
 -7.7254892e-002 -6.2268880e-002  2.7669053e-002  2.2093457e-001
  2.6880230e-001  8.5255204e-001 -9.1258236e-001  6.7557126e-001
 -1.4021972e-001  7.0167478e-002 -2.1353746e-001 -3.5646826e-001
  8.2920475e-001 -3.9330311e-001  7.2833765e-001 -4.9339558e-001
  4.6580446e-001  9.4141775e-002  6.3240266e-001 -3.6950666e-002
  8.4043454e-001 -9.9971654e-001  3.0461553e-001  8.0304646e-002
  2.4800549e-001  2.6808784e-001 -5.1124918e-001 -1.8882129e-001
 -8.0543545e-001  3.7198247e-001  9.9165913e-001  2.9022166e-001
  4.9131054e-001 -1.4378640e-001 -1.0491970e-002  7.7548828e-001
 -8.1988219e-001 -3.8526342e-001  2.7790072e-001  4.2543705e-001
 -1.3142534e-001 -3.6794098e-002  6.7455355e-001 -2.0186289e-001
  9.6465811e-001  8.1875372e-001 -5.3571416e-001 -2.3250196e-001
  7.8599515e-001 -7.9599739e-001  6.7828224e-001 -4.6010521e-001
  1.0091113e-002  2.0783798e-002 -7.4085165e-001  7.2747743e-002
  2.5113883e-001 -7.9112178e-001  3.6049893e-001  4.0929608e-001
 -1.5940422e-002  8.1076955e-001  9.4535292e-001  2.2289900e-001
 -3.4077061e-001  8.3035746e-001 -2.3066661e-001 -7.6342775e-002
 -9.9955358e-001 -7.3937420e-001 -9.7815350e-001  5.1434323e-002
  6.7943650e-001 -5.4774336e-001  2.0723756e-001 -4.8902056e-001
 -5.7281700e-002  4.8592460e-001  3.1418641e-001 -9.6631246e-002
  9.0130046e-001 -5.9583800e-001 -9.9553808e-001 -5.8212814e-001
  1.7158449e-001  1.6764184e-001  1.7599732e-001  1.2491073e-001
 -4.8025678e-001 -7.6251357e-001 -6.7533774e-001 -7.0626469e-002
 -8.6849562e-001 -2.8762079e-001 -7.7332999e-001  6.4076834e-001
 -8.4255195e-001 -7.1376367e-001 -7.6351779e-001  2.0575653e-001
  3.2550746e-001 -6.4700557e-001  5.6571457e-001 -1.6066051e-001
  5.5470748e-001 -8.6109758e-001  5.8986732e-001  5.0321920e-002
 -6.0809361e-001 -4.2170580e-001 -8.9348455e-001  3.1160928e-001
 -1.5132848e-001  2.5993653e-001 -9.1559649e-001 -6.0116015e-001
  3.0560717e-001  6.1223311e-001 -6.3914415e-001  7.4814908e-001
  8.9940510e-001 -5.3931061e-001 -4.3576242e-002 -5.7462110e-001
  4.2968849e-001  8.7904536e-001 -3.2381279e-002  5.0782173e-001
 -2.9985503e-001 -6.6114547e-001  5.8193754e-001 -8.8889541e-001
 -1.6202872e-001 -6.1995159e-001 -2.4068279e-001 -7.1768240e-001
 -6.4794089e-001 -1.1369986e-001 -2.9951205e-001  7.1615759e-001
 -3.7278440e-001 -2.6811655e-001  4.3399127e-001 -6.0989177e-003
 -7.0699282e-001  2.4554910e-001 -6.5920913e-001 -7.9910178e-003
 -6.5297187e-001 -8.5950461e-001 -6.5017684e-001  5.3431238e-001
 -3.1750235e-001  1.3152336e-001 -4.7132570e-001 -7.7589562e-001
  4.5427875e-001 -9.7412774e-001  9.7484617e-001  8.2868373e-001
 -3.7884190e-001 -5.4432168e-001 -8.2197777e-001 -4.7673538e-001
  6.1799024e-002 -1.4925665e-001  7.1653421e-001  4.0518050e-001
 -4.5908985e-001  5.8586940e-001 -2.2634825e-001  3.3419778e-001
  4.1363840e-002 -2.8363256e-001 -4.6361671e-001  4.7547773e-002
  9.4386415e-001 -5.8118919e-001  5.7350011e-001 -9.3311487e-001
 -8.8227124e-001  2.0424626e-001 -5.8506558e-001 -1.8302456e-001
 -5.0327914e-001 -1.3328507e-001  9.7834911e-001  6.2499506e-001
 -5.6993950e-001  5.1142400e-001 -1.2078912e-001  4.8862765e-001
 -4.4456731e-001  1.0031667e-002 -5.8095067e-001 -5.8609277e-002
  6.5194363e-001  6.7528576e-001  8.3512056e-001  2.9125557e-001
 -3.3118007e-001 -9.4869090e-001 -7.8254920e-001  1.7177483e-001
 -5.6009986e-001  5.5916574e-001 -1.9655293e-002  6.3552214e-001
 -6.7130887e-001 -3.3917843e-001 -8.9259820e-001  6.4700193e-001
 -3.7935781e-001 -3.7636876e-002 -2.8509374e-001  2.0248170e-002
 -2.8873511e-001  4.2707361e-001 -5.4782703e-001 -6.0896892e-001
 -3.5482741e-001  6.1519790e-001  5.6909040e-001 -1.1630871e-001
 -4.4690566e-001  8.3612759e-001 -2.2217204e-001  1.3729744e-001
 -4.1173884e-001 -9.8948898e-001 -6.6005238e-001  2.4415146e-001
 -2.3837326e-001  5.2598648e-001  4.6277600e-001 -3.0567161e-001
  7.2604862e-001  1.6526708e-001 -9.2800093e-001 -4.5206638e-001
  4.0757872e-001 -3.4739235e-001  3.6545913e-002  6.0876025e-001
  4.8960564e-001 -3.7066706e-001 -2.5796704e-001  2.3474480e-001
 -5.2579258e-001  3.5674589e-001  5.0393661e-001 -3.1472758e-001
 -7.5115565e-001 -7.0169996e-001 -4.5577823e-001 -3.4541060e-002
 -3.9479317e-001 -3.1741778e-001 -7.9447821e-001  8.6200940e-002
  6.6854971e-001  9.4742630e-001 -2.4869625e-001 -3.6010366e-001
 -6.0598572e-002 -2.8249862e-001  4.0825880e-001 -5.3083964e-003
 -5.9541455e-001  7.4319933e-001  1.8631366e-001  7.7728501e-001
  1.2016055e-001  1.8832183e-001  8.0841737e-001 -1.2631948e-001
  5.0816375e-001  2.7446550e-001 -8.2613458e-001 -1.1219233e-001
  4.3680331e-001 -3.8104557e-001 -7.6956749e-002  4.3229450e-001
  4.5669527e-001 -7.2318008e-001 -2.5088736e-001  1.0079459e-001
  5.0385911e-001  2.6303783e-001 -2.3413131e-003 -5.6491954e-002
 -1.0376186e-001  5.9940928e-001  9.0722621e-001  1.5971463e-001
 -5.5831766e-001 -4.8246582e-002  7.5527142e-003  6.3966545e-001
  8.5645811e-001 -1.8857232e-001  3.9733044e-001 -7.3524052e-003
  9.8624325e-001 -5.8832671e-001  6.3581841e-001 -7.8121984e-001
  5.4263316e-001 -5.5601430e-001 -3.8902105e-001 -4.3070351e-001
  3.0937884e-001 -5.1411908e-001  3.8387113e-001  5.7392979e-002
  4.7691424e-001  5.1249363e-001  3.0477394e-002  5.4944147e-001
 -5.8906137e-002  7.4547422e-001 -3.7599267e-002  2.9931839e-001
  5.0558251e-002 -6.3582109e-001  3.9078730e-001 -3.6259706e-001
 -3.0131236e-001  7.7463768e-001 -5.8726507e-003  1.3684143e-001
  8.6284533e-001 -3.5798338e-001  2.9095465e-001 -2.5855108e-001
 -7.1604692e-002 -7.7908887e-001  6.7990399e-001 -3.8243509e-001
  9.8945531e-002 -4.4922196e-001  3.0292352e-001 -9.5901944e-003
 -9.9094442e-001 -4.0933958e-001 -6.5018186e-002  9.7228961e-002
 -3.9215881e-001  4.4125472e-001 -4.8015416e-001 -4.8264136e-001
  9.6049140e-002 -7.9575871e-001  5.8080561e-001 -6.7796448e-002
 -4.7243580e-001 -3.4250138e-001 -7.2111090e-001  1.3359107e-001
  2.4236073e-001  7.2231549e-001  5.2652491e-001  6.0090383e-001
  9.7975233e-001  4.5363578e-002  5.3248188e-001 -4.1973750e-001
  7.7495935e-001 -2.5885682e-001 -8.3103233e-001  6.8076584e-002
  7.4942032e-001 -4.9881099e-001 -6.0012439e-001 -7.4824021e-001
  5.0813120e-001  2.0437951e-001 -3.8732113e-001 -3.3011170e-001
  3.8519731e-001  3.1641051e-001  8.0448550e-002  1.9029574e-001
  3.5826460e-001 -9.4241796e-001  8.2045779e-001  8.1681324e-001
  3.9246632e-002 -7.1493275e-001 -2.6828874e-001 -2.0973697e-001
 -1.4724294e-001  1.0000000e+000  6.5671124e-001 -7.8475747e-001
  4.3275422e-001 -7.4536045e-001 -4.6646947e-001 -3.8290741e-002
 -3.2295507e-001 -4.4442245e-003  9.2300653e-001 -2.7769908e-002
 -8.0239934e-001  1.7046290e-001  7.8945333e-001  8.9798453e-002
  1.0000000e+000 -7.5982146e-001  8.3447701e-001 -2.3330695e-001
  4.1295103e-001 -9.5434714e-001  4.8775420e-001  6.0154162e-001
  3.6130302e-002  8.9971287e-001  6.5049834e-001 -1.8059345e-001
 -8.2877982e-001  2.6231081e-001 -8.5559488e-002  1.1049718e-001
  8.2149989e-001  3.0399967e-001  2.9555570e-001 -6.9452484e-001
 -6.7620576e-002  3.9772228e-001 -2.9677201e-001 -4.5622860e-001
  9.6066734e-002 -3.3437994e-001 -9.2484421e-001  4.2017326e-001
 -9.3399051e-001  4.9371927e-001 -1.1223453e-001  4.0175311e-001
 -7.5850746e-001  2.9744899e-001 -4.6508692e-002  1.9688757e-001
 -9.8757203e-002  8.8122794e-001  6.3901877e-001 -4.2107772e-001
 -6.4940733e-001 -9.6822015e-001 -9.2777681e-002  8.9714889e-001
 -2.2814447e-001 -1.9378478e-001 -5.2992661e-001 -1.5537109e-001
 -5.8828236e-001  8.6906475e-001 -5.2034227e-002  4.7338517e-001
 -3.0054546e-001  8.4236383e-001  7.1841980e-001 -2.6566644e-001
  7.2912044e-001  4.7950871e-001  2.6706295e-001 -1.7747432e-001
  3.7910178e-001 -6.1988067e-001  7.9206154e-001  1.8565201e-002
  4.2381031e-001  9.4681853e-001  4.7891690e-001  3.4154698e-002
 -9.4203063e-001  4.3119651e-001 -2.5300466e-001  8.5603334e-002
  1.7026230e-001 -3.8185691e-001  2.8964457e-001  3.4001966e-001
  1.0748782e-001  5.7696008e-001 -8.5916294e-001  6.0871075e-001
  9.2190944e-001 -3.7694217e-001  6.2847456e-001 -5.0447929e-001
  8.3731091e-001  5.7977857e-001 -8.7768094e-001  7.1978640e-002
  5.1689391e-001  7.8660052e-001  6.3111809e-001  2.6446588e-001
 -5.2604781e-001 -1.0000000e+000  9.1744940e-001  6.5296508e-001
  4.1128330e-001 -7.7007345e-001  1.7142494e-001  4.3137318e-001
 -6.7135879e-001 -5.7432296e-001 -6.0230535e-001 -9.3961730e-002
 -2.7656286e-001 -3.1961819e-001  1.0643232e-001 -3.3569363e-002
 -8.2754253e-001 -8.8254995e-001 -3.2616592e-001  5.7312938e-001
 -5.7535112e-001  5.7769512e-001 -6.9328642e-001  5.5763971e-001
 -5.2149875e-001 -8.3939397e-001 -6.4478427e-001  2.2557419e-001
 -5.1298460e-001 -6.5401738e-001  8.5632740e-001 -1.7330299e-001
  2.2582602e-001  5.2299784e-001  5.2401675e-001  3.7090229e-001
