    1.9007    1.0664    1.9147    0.0890    0.9267   -1.0000 
    2.3616    1.6669    4.8792    1.6663    0.3430   -1.0000
    4.2315    2.0403    2.3101    2.4789    3.5831   -1.0000
    4.9560    2.6197    4.6272    2.2171    3.0343   -1.0000
    2.8372    4.8439    4.1225    2.8788    4.4959    1.0000
    3.2317    1.8979    2.3829    2.7357    3.7906    1.0000
    0.0743    0.7835    2.3578    1.6290    0.7725    1.0000
    0.2985    3.2902    4.4482    0.3289    0.6065   -1.0000
    2.1889    1.4012    4.9262    1.8263    0.0954   -1.0000
    1.2687    0.6631    2.7250    2.4834    1.6525    1.0000
    4.1850    4.1667    1.0186    1.6333    4.4121   -1.0000
    4.3747    0.6050    4.2818    2.6993    2.6922   -1.0000
    1.0893    0.3849    2.3711    2.5051    1.3650   -1.0000
    2.3470    2.0688    2.5137    0.3763    1.1005   -1.0000
    0.6614    4.3524    3.0148    0.7959    2.3700    1.0000
    4.3240    0.2905    2.2888    2.1666    3.0405    1.0000
    1.6950    2.0061    2.6349    2.6827    2.4943   -1.0000
    3.8918    0.3468    1.3939    1.1381    2.8301    1.0000
    4.3234    2.0998    1.1994    1.7930    4.7167    1.0000
    2.3970    4.4927    4.6735    2.4537    2.9609   -1.0000
    3.5445    3.7161    4.4985    0.1957    2.3852   -1.0000
    1.6796    0.0217    4.1405    1.5223   -0.0335   -1.0000
    1.8308    1.1332    2.6742    0.8685    1.5762    1.0000
    0.3419    0.4249    0.3417    1.2294    1.2686    1.0000
    0.6169    2.2151    4.4947    1.0609    0.4455   -1.0000
    0.6009    2.8456    4.3752    1.0457    0.7585   -1.0000
    0.2096    0.7117    0.3830    2.2216    1.3020   -1.0000
    2.2826    3.3412    3.4962    1.7141    3.2544    1.0000
    3.1435    4.3888    3.3118    2.6262    4.2241   -1.0000
    2.3376    0.7067    0.3407    2.1427    2.6306   -1.0000
    1.5399    3.3558    3.2621    1.5931    1.7959   -1.0000
    3.5755    2.5241    2.4400    1.4935    3.3702    1.0000
    4.6799    1.9464    0.5857    0.7213    4.9153    1.0000
    3.4245    4.1963    4.8507    0.6455    2.8873    1.0000
    3.8017    2.9205    2.0148    1.5301    2.9634   -1.0000
    2.4782    3.2568    3.7185    0.9059    2.4189    1.0000
    0.4481    4.1298    1.9479    2.3259    2.3822   -1.0000
    0.8968    0.5468    4.5258    2.6291    1.0158    1.0000
    4.9990    4.3213    0.1844    1.6340    4.7387   -1.0000
    4.9881    2.5550    4.3676    0.2107    2.9473    1.0000
    4.9377    4.6136    2.8213    1.2944    5.0000    1.0000
    1.6892    3.6036    0.0683    1.1222    4.0752    1.0000
    4.6134    2.7324    2.3694    1.4896    4.5477    1.0000
    1.5449    4.7542    4.9100    1.5407    2.2219   -1.0000
    4.9629    2.2792    2.1302    0.6396    3.5871    1.0000
    0.9662    4.1638    3.6332    1.5892    2.8841    1.0000
    4.1454    2.5594    2.7598    0.6399    2.3713   -1.0000
    2.9391    0.7138    0.2611    2.0499    3.0790    1.0000
    3.0428    1.0983    2.0314    1.8897    2.9764    1.0000
    2.7765    0.6379    0.8460    0.0030    0.8111   -1.0000
    2.0908    2.4424    0.7993    2.0005    2.7506   -1.0000
    0.0896    0.5984    4.7606    2.9276    1.0614    1.0000
    0.1546    2.4694    4.3136    0.7286    0.4519   -1.0000
    4.1714    4.0680    3.1449    0.0067    3.4425    1.0000
    1.8986    4.5220    3.4018    1.1365    3.5538    1.0000
    3.1598    1.2163    2.8571    2.9452    3.3391    1.0000
    4.2484    1.4172    3.4123    1.0744    2.0602   -1.0000
    4.9346    0.4199    1.2515    2.4340    4.1382    1.0000
    0.4221    2.6563    4.0031    2.2165    1.5847   -1.0000
    0.7083    2.1895    1.7519    1.4355    1.3765   -1.0000